Sequence Generator - seq-gen
Version 1.3.4
(c) Copyright, 1996-2017 Andrew Rambaut and Nick Grassly
Institute of Evolutionary Biology, University of Edinburgh

Originally developed at:
Department of Zoology, University of Oxford

Random number generator seed: -1096046510557418598

Simulations of 4 taxa, 100000 nucleotides
  for 92 tree(s) with 1 dataset(s) per tree
  and 92 partitions (and trees) per dataset
    Partition  No. Sites  Relative Rate
       1           319    1.000000
       2          1734    1.000000
       3           241    1.000000
       4          1180    1.000000
       5          2381    1.000000
       6           161    1.000000
       7           295    1.000000
       8           913    1.000000
       9           418    1.000000
      10           319    1.000000
      11          1113    1.000000
      12           610    1.000000
      13          1891    1.000000
      14           252    1.000000
      15           179    1.000000
      16          2870    1.000000
      17          1148    1.000000
      18            13    1.000000
      19            93    1.000000
      20           673    1.000000
      21          1012    1.000000
      22          1254    1.000000
      23           744    1.000000
      24            51    1.000000
      25           368    1.000000
      26          1776    1.000000
      27           503    1.000000
      28           945    1.000000
      29           913    1.000000
      30           242    1.000000
      31          1487    1.000000
      32           139    1.000000
      33           266    1.000000
      34           923    1.000000
      35           844    1.000000
      36          1031    1.000000
      37           105    1.000000
      38           433    1.000000
      39           158    1.000000
      40          1639    1.000000
      41           390    1.000000
      42          1170    1.000000
      43            27    1.000000
      44           882    1.000000
      45           888    1.000000
      46           294    1.000000
      47            30    1.000000
      48          1547    1.000000
      49           159    1.000000
      50           697    1.000000
      51           641    1.000000
      52           893    1.000000
      53           245    1.000000
      54           228    1.000000
      55          1087    1.000000
      56            36    1.000000
      57           746    1.000000
      58           879    1.000000
      59           735    1.000000
      60           397    1.000000
      61             2    1.000000
      62            81    1.000000
      63          1987    1.000000
      64          1135    1.000000
      65           794    1.000000
      66          4138    1.000000
      67          6038    1.000000
      68          1275    1.000000
      69          4638    1.000000
      70            79    1.000000
      71          2038    1.000000
      72          2066    1.000000
      73          1562    1.000000
      74            77    1.000000
      75          4576    1.000000
      76            78    1.000000
      77           221    1.000000
      78            49    1.000000
      79          1801    1.000000
      80            48    1.000000
      81           885    1.000000
      82           688    1.000000
      83          2410    1.000000
      84           446    1.000000
      85          3436    1.000000
      86           609    1.000000
      87           894    1.000000
      88          2864    1.000000
      89           634    1.000000
      90          4577    1.000000
      91           657    1.000000
      92          5610    1.000000

Branch lengths of trees multiplied by 7E-08

Rate homogeneity of sites.
Model = HKY: Hasegawa, Kishino & Yano (1985)
  Rate of transitions and transversions equal:
  transition/transversion ratio = 0.5 (K=1)
  with nucleotide frequencies equal.
0%|_______________________|100%
  [.Time taken: 0.05 seconds
